1
1
1
1
1
1
1
1
1
1
1
1
1
1
1
1
1
1
1
1
1
1
1
1
1
1
1
1
1
1
1
1
1
1
1
1
57
57
57
57
57
57
57
57
57
57
57
57
10
10
10
10
10
10
10
10
23
23
23
23
9
9
9
47
47
47
47
47
47
47
47
47
45
45
45
45
40
40
40
40
40
40
46
46
46
46
46
46
46
46
26
26
26
26
26
26
26
26
26
26
26
26
56
56
56
56
56
56
40
40
40
40
40
40
40
40
57
57
57
57
57
57
57
57
57
57
59
59
59
59
59
59
59
4
4
4
4
4
4
4
56
56
56
56
56
56
56
56
59
59
59
59
37
37
37
37
37
37
37
37
23
23
23
23
23
23
23
23
23
1
1
1
1
1
1
1
1
1
1
1
1
1
1
1
1
1
1
1
1
1
1
1
1
1
1
1
1
1
1
1
1
1
1
1
1
1
1
1
1
1
1
1
1
1
1
1
1
1
1
1
1
1
1
1
1
1
1
1
1
1
1
1
1
1
1
1
1
1
1
24
24
24
24
24
7
7
7
7
7
7
7
7
7
59
59
59
59
59
59
59
59
57
57
57
57
57
34
34
34
34
34
34
34
34
34
34
34
34
34
4
4
4
4
4
4
4
4
4
4
4
24
24
24
24
24
24
28
28
28
28
28
28
70
70
70
70
70
70
70
70
70
57
57
57
57
57
57
57
57
59
59
59
59
59
59
59
59
59
26
26
26
26
26
26
26
26
26
26
26
26
55
55
55
55
55
55
55
55
55
55
55
55
55
1
1
1
1
1
1
1
1
1
1
1
1
1
1
1
1
1
1
1
1
1
1
1
1
1
1
1
1
1
1
1
1
1
1
1
1
1
1
1
1
1
1
1
1
1
1
1
7
7
7
7
7
7
47
47
47
23
23
23
36
36
36
38
38
38
38
38
38
38
70
70
70
58
58
58
58
58
58
58
58
58
58
58
58
58
58
58
58
58
29
29
29
29
29
29
29
29
29
59
59
59
59
59
59
59
59
57
57
57
57
57
57
57
57
57
57
57
57
47
47
47
47
47
47
4
4
4
4
4
4
4
4
4
4
4
4
4
59
59
59
59
59
59
59
59
59
56
56
56
56
56
56
26
26
26
26
26
26
26
26
26
26
23
23
23
40
40
40
40
40
40
40
40
40
40
40
40
40
40
40
40
40
40
40
40
40
40
40
40
40
40
1
1
1
1
1
1
1
1
1
1
1
1
1
1
1
1
1
1
1
1
1
1
1
1
1
1
1
1
1
1
1
1
1
1
1
1
1
1
1
1
1
1
1
1
1
1
1
1
1
1
1
1
1
1
1
1
1
1
1
1
1
1
1
1
1
1
1
1
1
1
1
1
1
1
1
1
1
1
1
1
1
1
1
1
1
1
1
1
1
1
1
1
1
1
1
1
1
1
1
1
1
1
1
1
1
1
1
1
1
1
1
1
1
1
1
1
1
1
1
1
1
1
1
1
1
1
1
1
1
1
1
1
1
1
1
1
1
1
1
1
1
1
1
1
1
1
1
1
1
1
1
1
1
1
1
1
1
1
1
1
1
58
58
58
58
58
58
58
58
58
58
58
58
58
58
58
58
41
41
41
41
41
41
41
36
36
36
36
36
36
36
36
36
36
36
36
36
29
29
29
29
29
29
29
29
29
29
29
29
40
40
40
40
40
40
40
40
40
40
23
23
23
23
23
23
23
59
59
59
59
59
59
59
59
65
65
65
65
65
36
36
36
36
36
36
36
28
28
28
28
28
28
28
28
28
28
28
19
19
19
19
19
19
19
19
19
19
19
19
19
19
19
19
28
28
28
28
28
28
28
28
28
28
28
28
28
28
28
47
47
47
47
47
47
47
70
70
70
70
70
70
70
70
70
70
70
70
70
1
1
1
1
1
1
1
1
1
1
1
1
1
1
1
1
1
1
1
1
1
1
1
1
1
1
1
1
7
7
7
47
47
47
47
23
23
23
23
59
59
59
59
59
59
59
59
56
56
56
56
56
56
19
19
19
19
19
19
19
19
19
19
23
23
23
23
59
59
59
59
59
59
9
9
9
9
9
46
46
46
46
32
32
32
32
32
32
32
44
44
44
44
44
44
44
44
44
44
10
10
10
10
10
10
55
55
55
55
55
34
34
34
34
34
34
34
34
34
28
28
28
45
45
45
45
45
45
4
4
4
4
4
4
4
4
4
4
4
4
4
4
57
57
57
57
57
57
57
57
57
57
57
57
57
59
59
59
59
59
59
59
59
59
59
59
59
59
59
19
19
19
19
19
19
19
19
19
19
19
19
19
19
19
19
19
19
19
19
19
19
46
46
46
46
46
46
46
46
46
46
1
1
1
1
1
1
1
1
1
1
1
1
1
1
1
1
1
1
1
1
1
1
1
1
1
1
1
1
1
1
1
1
1
1
1
1
1
1
1
1
1
1
1
1
1
1
1
1
1
1
1
1
1
1
1
1
1
1
1
1
1
1
1
1
1
1
1
1
1
1
1
1
1
1
1
1
1
1
1
1
1
1
1
43
43
43
43
43
43
43
43
43
43
4
4
4
4
4
4
4
4
4
4
4
4
4
4
47
47
47
47
47
47
47
47
21
21
21
21
21
4
4
4
4
4
56
56
56
56
56
56
56
56
56
59
59
59
59
59
59
59
59
9
9
9
47
47
47
47
47
44
44
44
44
44
44
44
44
44
44
32
32
32
32
32
32
32
32
32
46
46
46
46
46
46
38
38
38
38
38
38
38
38
38
38
38
38
38
38
47
47
47
47
47
47
47
47
47
47
1
1
1
1
1
1
1
1
1
1
1
1
1
1
1
1
1
1
1
1
1
1
1
1
1
1
1
1
1
1
1
1
1
1
1
1
1
1
1
57
57
57
57
57
57
57
57
57
57
57
57
10
10
10
10
10
22
22
22
22
22
22
22
22
22
22
22
22
9
9
9
9
9
36
36
36
36
36
36
36
36
36
36
36
36
36
36
36
36
7
7
7
7
7
7
7
7
7
7
35
35
35
35
35
35
35
28
28
28
28
28
28
28
23
23
23
23
23
7
7
7
7
7
7
7
7
7
7
7
7
47
47
47
47
47
23
23
23
23
23
23
23
23
68
68
68
68
68
68
68
68
19
19
19
19
19
19
19
19
19
19
19
19
19
19
19
19
19
19
19
45
45
45
45
23
23
23
45
45
45
45
45
45
45
45
40
40
40
40
40
40
40
7
7
7
7
7
7
7
7
7
7
7
7
7
48
48
48
48
44
44
44
58
58
58
58
58
58
58
58
9
9
9
9
9
9
57
57
57
57
57
57
57
57
57
57
57
57
45
45
45
62
62
62
62
62
62
44
44
44
44
44
44
44
37
37
37
37
37
37
37
37
48
48
48
48
48
48
48
48
46
46
46
46
7
7
7
7
7
7
7
7
7
7
7
7
7
7
7
7
7
7
7
7
7
47
47
47
47
47
47
47
47
47
47
1
1
1
1
1
1
1
1
1
1
1
1
1
1
1
1
1
1
1
1
1
1
1
1
1
1
1
1
1
1
1
1
1
1
1
1
1
1
1
1
1
1
1
1
1
1
1
1
1
1
1
1
1
1
1
1
1
1
1
1
1
1
1
1
1
1
1
1
1
1
1
1
1
1
1
1
1
1
1
1
1
1
1
1
1
1
1
1
1
1
1
1
1
1
1
1
1
1
1
1
1
1
1
1
1
1
1
1
1
1
1
1
1
1
1
1
1
1
1
1
1
1
1
1
1
1
1
1
1
1
1
1
1
1
1
1
1
1
1
1
1
1
1
1
